^^ sec -5 *
29 * 1999  7 * 1999  8 * 1999 /
23 * 1999 17 * 1999  4 * 1999 /
19 * 1999 23 * 1999  2 * 1999 /
17 * 1999 25 * 1999  2 * 1999 /
13 * 1999 31 * 1999 /
11 * 1999 33 * 1999 /
 9 * 1999 35 * 1999 /
 8 * 1999 35 * 1999  1 * 1999 /
 7 * 1999 35 * 1999  2 * 1999 /
 5 * 1999 37 * 1999  2 * 1999 /
 4 * 1999 37 * 1999  3 * 1999 /
 3 * 1999 37 * 1999  4 * 1999 /
 2 * 1999 37 * 1999  5 * 1999 /
 2 * 1999 35 * 1999  7 * 1999 /
 1 * 1999 35 * 1999  8 * 1999 /
         35 * 1999  9 * 1999 /
         33 * 1999 11 * 1999 /
         31 * 1999 13 * 1999 /
2 * 1999  25 * 1999 17 * 1999 /
2 * 1999  23 * 1999 19 * 1999 /
4 * 1999  17 * 1999 23 * 1999 /
8 * 1999   7 * 1999 29 * 1999 /
channel map *
1999 1999 1999 1999 1999 1999 1999 1999 1999 1999 1999 1999 1999 1999 1999 1999 1999 1999 1999 1999 1999 1999 1999 1999 1999 1999 1999 1999 1999 1999 1999 1999 1999 1999 1999 1999 1999 1999 1999 1999 1999 1999 1999 1999 /
1999 1999 1999 1999 1999 1999 1999 1999 1999 1999 1999 1999 1999 1999 1999 1999 1999 1999 1999 1999 1999 1999 1999 1999 1999 1999 1999 1999 1999 1999 1999 1999 1999 1999 1999 1999 1999 1999 1999 1999 1999 1999 1999 1999 /
1999 1999 1999 1999 1999 1999 1999 1999 1999 1999 1999 1999 1999 1999 1999 1999 1999 1999 1999 1999 1999 1999 1999 1999 1999 1999 1999 1999 1999 1999 1999 1999 1999 1999 1999 1999 1999 1999 1999 1999 1999 1999 1999 1999 /
1999 1999 1999 1999 1999 1999 1999 1999 1999   -1   -1   -1   -2   -2   -2   -3   -3   -3   -4   -4   -4   -5   -5   -5   -6   -6   -6   -7   -7   -7   -8   -8   -8 1999 1999 1999 1999 1999 1999 1999 1999 1999 1999 1999 /
1999 1999 1999 1999 1999 1999 1999 1999 1999   -1   -1   -1   -2   -2   -2   -3   -3   -3   -4   -4   -4   -5   -5   -5   -6   -6   -6   -7   -7   -7   -8   -8   -8 1999 1999 1999 1999 1999 1999 1999 1999 1999 1999 1999 /
1999 1999 1999 1999 1999 1999 1999 1999 1999   -1   -1   -1   -2   -2   -2   -3   -3   -3   -4   -4   -4   -5   -5   -5   -6   -6   -6   -7   -7   -7   -8   -8   -8 1999 1999 1999 1999 1999 1999 1999 1999 1999 1999 1999 /
1999 1999 1999 1999 1999 1999 1999 1999 1999   -9   -9   -9  -10  -10  -10  -11  -11  -11  -12  -12  -12  -13  -13  -13  -14  -14  -14  -15  -15  -15  -16  -16  -16 1999 1999 1999 1999 1999 1999 1999 1999 1999 1999 1999 /
1999 1999 1999 1999 1999 1999 1999 1999 1999   -9   -9   -9  -10  -10  -10  -11  -11  -11  -12  -12  -12  -13  -13  -13  -14  -14  -14  -15  -15  -15  -16  -16  -16 1999 1999 1999 1999 1999 1999 1999 1999 1999 1999 1999 /
1999 1999 1999 1999 1999 1999 1999 1999 1999   -9   -9   -9  -10  -10  -10  -11  -11  -11  -12  -12  -12  -13  -13  -13  -14  -14  -14  -15  -15  -15  -16  -16  -16 1999 1999 1999 1999 1999 1999 1999 1999 1999 1999 1999 /
1999 1999 1999 1999 1999 1999 1999 1999 1999  -17  -17  -17  -18  -18  -18  -19  -19  -19  -20  -20  -20  -21  -21  -21  -22  -22  -22  -23  -23  -23  -24  -24  -24 1999 1999 1999 1999 1999 1999 1999 1999 1999 1999 1999 /
1999 1999 1999 1999 1999 1999 1999 1999 1999  -17  -17  -17  -18  -18  -18  -19  -19  -19  -20  -20  -20  -21  -21  -21  -22  -22  -22  -23  -23  -23  -24  -24  -24 1999 1999 1999 1999 1999 1999 1999 1999 1999 1999 1999 /
1999 1999 1999 1999 1999 1999 1999 1999 1999  -17  -17  -17  -18  -18  -18  -19  -19  -19  -20  -20  -20  -21  -21  -21  -22  -22  -22  -23  -23  -23  -24  -24  -24 1999 1999 1999 1999 1999 1999 1999 1999 1999 1999 1999 /
1999 1999 1999 1999 1999 1999 1999 1999 1999  -25  -25  -25  -26  -26  -26  -27  -27  -27  -28  -28  -28  -29  -29  -29  -30  -30  -30  -31  -31  -31  -32  -32  -32 1999 1999 1999 1999 1999 1999 1999 1999 1999 1999 1999 /
1999 1999 1999 1999 1999 1999 1999 1999 1999  -25  -25  -25  -26  -26  -26  -27  -27  -27  -28  -28  -28  -29  -29  -29  -30  -30  -30  -31  -31  -31  -32  -32  -32 1999 1999 1999 1999 1999 1999 1999 1999 1999 1999 1999 /
1999 1999 1999 1999 1999 1999 1999 1999 1999  -25  -25  -25  -26  -26  -26  -27  -27  -27  -28  -28  -28  -29  -29  -29  -30  -30  -30  -31  -31  -31  -32  -32  -32 1999 1999 1999 1999 1999 1999 1999 1999 1999 1999 1999 /
1999 1999 1999 1999 1999 1999 1999 1999 1999  -33  -33  -33  -34  -34  -34  -35  -35  -35  -36  -36  -36  -37  -37  -37  -38  -38  -38  -39  -39  -39  -40  -40  -40 1999 1999 1999 1999 1999 1999 1999 1999 1999 1999 1999 /
1999 1999 1999 1999 1999 1999 1999 1999 1999  -33  -33  -33  -34  -34  -34  -35  -35  -35  -36  -36  -36  -37  -37  -37  -38  -38  -38  -39  -39  -39  -40  -40  -40 1999 1999 1999 1999 1999 1999 1999 1999 1999 1999 1999 /
1999 1999 1999 1999 1999 1999 1999 1999 1999  -33  -33  -33  -34  -34  -34  -35  -35  -35  -36  -36  -36  -37  -37  -37  -38  -38  -38  -39  -39  -39  -40  -40  -40 1999 1999 1999 1999 1999 1999 1999 1999 1999 1999 1999 /
1999 1999 1999 1999 1999 1999 1999 1999 1999 1999 1999 1999 1999 1999 1999 1999 1999 1999 1999 1999 1999 1999 1999 1999 1999 1999 1999 1999 1999 1999 1999 1999 1999 1999 1999 1999 1999 1999 1999 1999 1999 1999 1999 1999 /
1999 1999 1999 1999 1999 1999 1999 1999 1999 1999 1999 1999 1999 1999 1999 1999 1999 1999 1999 1999 1999 1999 1999 1999 1999 1999 1999 1999 1999 1999 1999 1999 1999 1999 1999 1999 1999 1999 1999 1999 1999 1999 1999 1999 /
1999 1999 1999 1999 1999 1999 1999 1999 1999 1999 1999 1999 1999 1999 1999 1999 1999 1999 1999 1999 1999 1999 1999 1999 1999 1999 1999 1999 1999 1999 1999 1999 1999 1999 1999 1999 1999 1999 1999 1999 1999 1999 1999 1999 /
1999 1999 1999 1999 1999 1999 1999 1999 1999 1999 1999 1999 1999 1999 1999 1999 1999 1999 1999 1999 1999 1999 1999 1999 1999 1999 1999 1999 1999 1999 1999 1999 1999 1999 1999 1999 1999 1999 1999 1999 1999 1999 1999 1999 /
end channel map *
29 * 1999  7 * 1999  8 * 1999 /
23 * 1999 17 * 1999  4 * 1999 /
19 * 1999 23 * 1999  2 * 1999 /
17 * 1999 25 * 1999  2 * 1999 /
13 * 1999 31 * 1999 /
11 * 1999 33 * 1999 /
 9 * 1999 35 * 1999 /
 8 * 1999 35 * 1999  1 * 1999 /
 7 * 1999 35 * 1999  2 * 1999 /
 5 * 1999 37 * 1999  2 * 1999 /
 4 * 1999 37 * 1999  3 * 1999 /
 3 * 1999 37 * 1999  4 * 1999 /
 2 * 1999 37 * 1999  5 * 1999 /
 2 * 1999 35 * 1999  7 * 1999 /
 1 * 1999 35 * 1999  8 * 1999 /
         35 * 1999  9 * 1999 /
         33 * 1999 11 * 1999 /
         31 * 1999 13 * 1999 /
2 * 1999  25 * 1999 17 * 1999 /
2 * 1999  23 * 1999 19 * 1999 /
4 * 1999  17 * 1999 23 * 1999 /
8 * 1999   7 * 1999 29 * 1999